600
21437
13683
12559
13490
31834
19419
20314
32396
21720
13181
2909
7941
28201
3733
16184
1351
16927
22968
30459
18363
7636
15533
20001
7033
2889
23935
18010
24579
32333
27088
31630
4914
18593
19056
22814
16752
6489
13615
13421
17960
2949
4335
28831
28795
2065
24573
4000
24629
32490
9377
21608
12031
15202
29683
23166
14806
22486
10993
18107
7867
5262
31183
30033
17068
5604
14734
18700
29652
19881
16336
32727
31743
5060
9451
12417
14160
12828
12348
21953
822
26553
24254
2680
6556
10022
14298
23351
11360
5145
25729
20737
21767
1109
15481
6482
11439
2000
15860
28511
8260
15377
9063
10912
21751
28381
2969
5772
12524
21522
26619
30628
23603
21203
9527
25010
19962
11749
16907
17235
14849
2905
18520
19123
29262
8044
23670
1944
4385
32427
22219
28322
32554
23387
7068
8657
10746
12823
9506
8775
32440
10683
29665
20303
32021
10881
22837
22175
30337
28778
20526
31194
19872
7392
22685
19801
18935
2969
2159
21547
21484
28350
18234
7514
11501
30285
26646
18032
30703
1724
5550
1850
9754
17119
17559
10956
7106
27915
8160
6597
8602
25468
9194
22997
30244
15348
23417
9852
4972
17061
29452
1812
31990
24657
5738
1553
10741
11184
19582
28040
24509
10770
17764
11502
4219
837
20164
19491
4644
11449
25183
4014
16811
20450
743
12875
26231
28638
23316
22435
27156
4696
21236
7258
14377
28588
3971
26446
23210
28235
4219
24606
9806
28002
24685
12010
2884
8886
2833
26970
24098
4050
19931
20706
11550
21093
14030
17988
30080
21478
9621
5718
19799
7289
25296
1029
21867
19734
16812
13210
1908
1256
32694
23356
13449
13811
22257
23734
18395
11514
30245
11387
8611
20640
21371
10727
7769
23501
3399
19656
7719
5971
19749
19485
8349
22226
24903
8734
18598
15577
13
4476
23739
2637
27094
4073
5974
32015
23831
14811
23466
473
4266
13197
8849
15721
10344
6983
13254
12514
22521
28896
32596
32111
10219
5761
11086
2857
4354
20139
10689
5947
25039
23420
27367
27971
8836
9006
32669
20476
27399
32224
16407
21787
24389
4249
19155
14454
17865
22922
28619
27243
27789
20883
23535
23936
20496
18185
6354
22343
14504
21943
13476
18565
16922
8226
9824
28818
360
11794
16966
20483
15594
5197
21132
11911
27296
18854
10321
14351
26823
19766
14546
30002
9386
490
6880
8911
9147
25406
30866
11508
8930
30535
18743
20734
16405
8695
26510
11010
25129
15773
22586
12908
21224
7339
21616
27110
16227
22716
27891
18044
4746
4821
22850
4605
24057
2283
18191
19620
17685
9382
15860
20983
7768
26469
27490
17648
16105
22402
27354
1883
9328
21207
24159
16511
28968
27265
27435
14080
28214
11235
28321
516
2105
31470
32643
21909
31266
24992
3941
28231
6726
30923
16481
24602
32177
19992
17165
19617
26045
27467
20650
17508
11236
25289
5534
22404
8147
1367
8229
6557
3007
9508
10051
7408
21244
2570
15869
10434
24268
31505
18120
12031
19829
309
15170
17699
6038
18281
7200
9306
8122
15323
7527
29926
24622
22138
25312
26818
11024
10422
24773
27013
12457
6790
13505
23944
16381
30896
2840
18507
30111
14405
25633
18965
19658
4970
19965
17115
18094
25438
26243
7267
7176
23481
14714
32682
11509
2802
20235
31106
8968
17444
32373
21119
31130
22034
22787
7700
24673
13160
16700
17658
11333
28740
601
3793
19054
14580
31740
28426
27042
9730
13854
6404
19918
4461
29001
8053
482
20794
1800
8972
23522
31531
11933
21589
1850
5583
31217
19676
2387
23227
7889
917
29795
28182
24662
24699
15497
12123
11429
13176
25369
1882
17113
4741
27701
22400
30014
25362
21149
28249
23488
4776
28103
9555
2723
17101
32307
3013
8564
27688
21497
17199
17983
15589
17316
28868
24834
13915
23874
26661
11106
19948
6588
29552
26781
5421
29284
23673
22976
11591
5837
6999
16922
2462
13535
20003
4080
17840
1834
24060
32114
4671
7547
30030
15854
32178
5037
11092
2884
7097
10946
2268
10138
20528
30771
19019
10064
16710
8067
736
5942
13534
18970
1341
21245
23861
20817
13603
8172
22725
20170
9853
24532
26986
1794
11680
28742
9924
25129
17617
2563
12252
26417
27399
13492
8202
27941
24563
8924
19222
30396
24894
2570
1181
27694
19730
19283
30390
10054
19931
32767
19414
1464
29519
16003
12273
30134
23724
11184
27874
12478
22592
11305
9741
6326
7215
18970
30531
27450
31857
8999
31462
16181
16922
29347
31565
174
2014
3075
21353
24293
16340
22930
17065
24735
18042
13158
14364
4798
9978
8850
22742
1300
29867
25757
17812
2425
24027
17203
25507
26907
23500
5147
11517
1046
9212
30057
19382
3909
16041
6645
1174
25687
26261
14859
13576
6181
5639
31844
26674
19266
25874
27477
18278
26836
7449
19015
27065
18339
9619
24423
18161
24944
11788
1439
20901
5256
14700
6852
31903
9113
28284
7697
12165
26563
20902
4820
28345
26866
19453
31591
14973
20588
9085
98
26971
27046
18579
6159
452
9564
7392
16926
22263
21216
5946
11162
27940
947
26867
20252
26833
19794
2142
25919
3454
23890
17552
14675
3972
5039
18020
13910
15683
5986
8898
16416
17276
6449
25120
11485
4348
14539
8520
29376
7547
16404
12124
24054
6083
10430
19736
25305
16149
8217
29016
24679
27592
32044
14042
26354
2867
23812
22340
22296
4813
22860
22377
27894
11923
3358
18632
2969
11946
23577
17493
23733
30790
12212
637
6298
32202
7889
13412
2659
561
13206
625
9329
11180
17272
21516
14616
10636
3480
17574
11159
29027
4947
27130
11598
22374
24340
20371
23339
1558
11629
19343
20326
6432
11367
4258
31598
24449
17686
8542
24099
2285
9072
2225
27205
17010
28767
31663
12588
1625
29204
18577
9658
9037
1695
14078
2959
16063
11452
15754
26235
22152
3824
12413
32313
1488
17621
19925
19034
4399
16050
19086
23167
32275
3919
17696
3787
14690
2056
16714
13464
4448
23327
4366
23401
1746
14423
20221
30240
14692
6078
19892
7282
29512
9930
8359
151
6176
2983
8733
27974
31518
29392
6780
24544
24681
6877
27847
4844
11715
21147
27749
3267
3690
7522
16420
1676
3643
29091
30333
16235
28701
17857
12058
4086
17309
24354
32149
20969
32214
6021
27011
28698
6548
3222
12209
12975
697
28095
10413
7054
20703
23618
30856
26389
5438
4485
27611
1292
16336
16300
9736
7639
24500
24685
1218
30704
17105
26144
23760
20885
14523
790
29709
702
31962
31532
23732
31570
3017
13216
5594
29082
26620
29987
5436
21750
4518
5167
7739
22735
13785
29594
2597
11212
22767
5484
26038
12105
42
11758
2015
17157
7831
27907
1477
31002
18744
29115
10253
17971
30305
7206
17751
505
19555
12646
9736
19406
17256
1544
21837
10174
7838
8853
861
26546
152
5731
23806
13543
7921
27825
31818
19871
22834
30707
22195
19223
14069
26475
19525
952
4427
23289
15403
23953
27484
26932
17013
9477
15949
19385
792
15297
15463
9668
9782
13298
20341
6397
27040
11188
22125
7316
27546
31949
26195
19087
4830
5275
4699
5987
14307
2123
32590
10178
29534
14668
17966
14517
13834
7683
27165
19946
3492
705
25979
6735
15162
22258
4687
22240
32422
23191
29160
31676
15190
16374
6084
3967
23118
5519
15280
204
3439
3155
14129
15913
22521
28177
29219
16
79
22577
672
31042
20218
3748
1059
24927
16113
31515
27117
3508
791
11383
20648
3156
1286
27265
4939
30058
16651
12764
10045
26317
9073
11320
957
24021
19203
30919
6273
25454
21708
22773
6045
15978
5409
5460
5799
8220
25058
11989
19225
32546
20988
12350
26102
5250
5682
13272
21169
12025
20254
29032
23882
20623
1138
26721
954
19055
8580
31320
30353
19190
6922
2488
3294
4618
8737
28855
12111
16301
2197
25737
32409
28881
14940
6355
14618
7790
28771
14178
9149
29395
142
29
31263
2362
28410
9528
10736
19358
9349
14251
23963
25297
28304
14307
6697
27849
11267
7863
29794
27962
19346
29341
8502
11371
32575
15646
25948
30786
18720
29831
10297
31648
17763
11746
11779
8181
21903
11044
15654
11531
4364
6568
13031
6950
7910
5340
19271
19279
23758
16699
8234
6637
30562
4987
9144
32661
22446
6151
6660
13347
2546
20143
21995
2058
421
28318
15680
26600
24251
9869
22566
15966
6180
11575
28604
10270
12181
13837
0
11845
21130
7722
237
31468
3212
25993
19175
15353
28335
18550
6745
10299
20576
3394
30365
23223
3421
23099
28
30780
25861
10203
27062
21310
24274
9024
8548
481
22564
5340
27675
6739
8000
8046
30964
2399
16280
27441
12171
14143
25421
4435
15780
28338
28146
23464
10261
14927
13459
11424
25312
11289
30453
9079
13471
17235
32288
20651
26917
25750
1051
3763
5986
6176
18679
21230
32391
623
30990
2778
15979
19215
18573
22918
28461
26032
26672
18762
23580
29051
14157
17845
26067
8870
22292
29127
20392
27206
789
11872
31816
20581
21251
25849
23963
13397
18871
27282
7150
26435
21879
3819
14416
21775
9593
11255
11836
12124
30883
18830
22649
20195
18837
10594
7487
16140
31721
20276
9627
10175
28345
22856
9236
2423
6242
15638
28303
32665
3976
15426
28528
32005
9563
9678
12802
14058
29976
14223
3609
12766
3282
13277
14070
9518
4978
32655
12650
10354
4093
23591
30015
24421
13845
4681
15827
6132
23491
8306
19974
3733
31859
16870
11094
19674
27968
25066
5193
22086
9842
20276
13836
5983
17989
17312
25945
19204
12525
5156
24221
18945
29142
7430
20827
30945
16944
15948
15051
18436
22699
31861
21448
31217
26239
6502
5609
9196
26032
14759
7149
7372
7312
27087
24924
19975
31365
6205
9579
6927
12812
22281
29984
21217
13310
31290
8376
24538
28691
26170
8262
10701
32420
8839
11164
24148
6069
1194
2414
4963
31538
1901
22965
30755
11897
8777
24402
2045
13081
13598
3316
29684
6873
23591
22843
13881
7421
16428
7710
1017
4292
14073
1930
4474
28981
18448
21835
23654
19995
27035
29744
28775
20047
2468
12906
23027
10037
14216
4918
15210
11657
425
1468
14430
25436
23396
822
11057
10073
8003
22612
22758
26957
371
7647
5937
2023
1656
9374
6352
15292
21023
22646
21534
13197
25268
24276
14310
17869
3190
29776
8821
23390
18760
19850
20211
30620
12457
32600
11507
412
11238
12836
22088
12981
14990
9359
5914
20032
23335
16730
15418
1693
27679
19591
7091
13175
6406
27579
2978
15688
10234
3559
15175
25119
15202
30247
8795
14241
23519
28139
31396
3661
24191
25172
30664
6661
31540
28897
12639
970
10117
10058
29515
18632
2436
31404
26700
2706
5888
14823
21199
13486
13563
32580
18439
6996
27486
25948
8511
30579
236
821
5999
25589
4981
29613
15629
16452
76
27676
18981
7181
12539
9781
28332
4164
8244
8493
7954
10600
11019
32288
3862
18184
611
31664
20190
5254
20646
21743
15943
32539
26554
1919
19066
19739
2864
17655
10688
14970
10942
5001
2455
16016
8431
25058
25349
24345
18969
4690
26924
13440
1936
16685
17951
861
793
19057
6644
3900
18081
21160
28698
2720
31791
22288
7917
18503
27160
2298
17800
4528
32626
30832
23514
18139
1226
21018
2301
11088
17690
13411
13250
1122
17141
24535
401
27829
19973
18127
14192
254
3255
16465
12641
18954
20021
25138
25585
2050
14485
18045
7182
17133
10063
16409
28953
17526
19957
17061
7484
24303
29470
423
12286
9623
22436
2790
20244
31256
7695
24596
31098
4948
18000
21424
195
24929
4531
11563
11438
29394
25359
22602
15609
16185
28479
9163
15738
31466
20950
21323
24683
22529
23055
2151
21254
22694
9219
18210
16466
5775
21023
6534
30268
9159
31444
5775
24809
26798
7824
20548
20555
9026
14830
27943
15346
27548
18474
28879
31013
25021
18903
30676
5938
26763
9172
27371
22018
4631
27260
27986
27376
8481
27933
2671
2011
17374
5547
26292
22650
27641
28854
30661
27120
26583
29082
2013
12449
8479
18166
2158
8259
9338
21343
30727
2616
22167
7765
24443
13851
31347
20853
10816
26777
27863
5617
24085
19586
14626
26174
30183
29215
27464
10252
25590
22727
17179
8827
32564
13997
11465
9356
24557
29436
8870
28629
28589
1574
23596
15226
12383
13432
28224
25432
32434
22259
16567
6019
21441
9815
32025
8179
18930
15488
23205
2170
26910
16373
27541
18681
32243
28095
20387
15828
151
30071
28619
1187
20110
23459
10067
4395
15326
22083
32265
3724
16241
22438
22476
24763
16058
15234
15693
23091
15516
19012
8727
31208
28551
1701
19405
17789
740
31102
16051
5046
1971
28637
21360
23344
22642
24408
23059
22864
29761
25761
28243
9593
5445
4187
24859
1154
1610
30252
23366
4199
31660
12820
7591
2110
29559
22525
588
23661
24781
403
8963
19227
9864
28245
18718
8420
9505
27116
2676
29137
24529
27836
14248
24199
31989
10938
32686
14782
9655
1149
27786
8693
2283
3735
7515
25444
1335
8997
24985
13875
15991
12709
6555
11497
8799
16648
92
26407
8290
22536
17022
23702
6355
16316
1679
21534
18251
21610
19084
23385
11338
22684
15011
21063
14881
32374
25917
24387
18703
6982
28732
24373
5802
14685
13185
9738
21632
31774
23730
9057
2559
2644
58
16263
19858
29385
15249
1190
6413
16148
19645
26681
15691
10418
17177
18627
14613
9304
11605
29633
30534
14216
26814
18397
14381
19555
30143
18276
10803
30654
30120
12026
30142
25975
13743
25741
16469
24329
27445
21127
27396
8287
1354
840
4098
28390
14194
4307
913
9958
8617
15559
23590
13074
14758
17554
17866
8798
22877
17889
9408
20496
5831
18266
19304
21018
18661
14734
18275
8615
24067
1065
2552
12788
26426
29548
28598
26977
32056
6622
27483
12488
25156
31294
22517
3341
1404
3515
13895
30454
19297
31336
22894
25917
16278
3562
18117
15588
5093
20595
19717
7113
4227
17397
5809
12666
22933
9103
15281
6730
11762
14156
5692
28837
811
4108
24316
2208
8905
16322
21613
2516
11477
25056
29063
23405
9118
2064
30620
5758
25782
24357
20355
29336
13118
8273
1526
24730
14179
8856
26425
18378
5929
8324
32252
6437
3176
1563
31107
11508
7187
23310
16132
7840
21184
7475
10833
6855
10853
7989
16822
21391
32096
16267
24869
3899
10939
2982
8336
1276
20397
9071
31127
31753
14948
28912
28771
24817
31233
2129
17362
17712
12261
17415
26836
32001
1579
29000
21781
20340
28533
8386
23772
27840
5100
28556
10291
7898
3970
23645
840
26695
25979
31996
3603
1326
19755
10231
3897
689
15361
26264
28208
24701
20676
17173
6308
28832
1053
18183
22298
27036
16982
15901
21716
24249
21089
4370
24308
4767
11804
19676
7908
22563
12243
10791
21492
30050
14598
10497
20549
15628
13933
5335
15591
20995
9530
1184
26942
18725
32158
11096
10666
7525
9870
3248
2406
10785
22215
27140
21425
8112
1808
31629
14380
9786
22975
18904
3716
8908
7038
15222
32080
21163
16719
10998
2109
12521
1998
6416
18792
23095
6070
20259
23051
25338
21415
1506
11868
21409
13095
25673
26802
16181
20198
27351
26602
10289
582
7927
5385
10133
17946
2751
13346
2614
10414
25820
15483
22616
1801
29901
31723
31614
27502
1872
2438
30337
13609
1818
19325
25568
28040
3531
5183
11863
28199
289
6884
14259
15472
4204
21196
25060
15971
9794
26243
11860
11411
8819
23016
26487
25969
28735
6031
2212
1485
19655
28003
22563
27290
20930
15504
26503
32754
6257
24736
28221
346
2261
4579
12902
3910
10527
18197
29666
15840
360
23099
3501
261
26530
29902
16751
6544
18383
1819
24910
26588
15473
20202
19463
18308
2881
12638
28477
22637
23075
27676
17425
22791
12378
25007
31218
30159
6136
1324
17334
12825
29593
10513
31466
19980
23633
13683
3431
19950
7139
2393
26918
1698
5940
2915
23126
21358
15615
11695
4011
22786
19657
26876
14584
31158
2584
29456
29696
24340
12256
13400
31626
15510
14398
16591
19635
12208
19560
22560
13960
24849
28901
12559
2004
19239
16889
5141
20279
18913
21604
2378
24952
22456
3660
7561
6684
7152
3191
718
2616
11803
26557
4066
2435
13024
28349
25403
23983
13818
10192
11549
27642
25987
12091
25862
10496
4723
17833
28233
15059
6756
8920
28665
333
7832
24722
25608
30885
11324
4575
8624
10817
14830
23161
26386
8139
7806
6784
9758
3207
25841
623
6322
8420
8652
9039
24582
15441
11663
20266
13127
29009
26751
24003
24962
4050
27560
10628
10948
10683
19235
22712
13440
17860
19861
18170
7472
13450
15608
8941
29503
15331
13470
5166
4903
3182
4210
32135
12503
13679
24962
12134
4183
2778
3002
7821
12718
12718
28914
29450
29700
18052
19756
874
29700
21096
10262
4138
10628
487
32727
21358
2152
21097
4359
14581
10435
10690
24575
21069
14912
3075
26452
23363
18113
25494
3998
25246
2117
3978
21630
27405
22031
11307
15071
6237
27909
18902
31867
15599
5974
1547
3233
23402
30559
15044
23094
28845
31184
14341
29435
6664
13066
15285
27661
27563
11212
7084
13234
2910
24847
22029
12370
25459
31534
31702
20676
505
74
10677
29132
30771
1517
798
15585
20041
9709
25498
25651
24380
14996
14946
24556
12575
9725
17452
4278
7557
10433
5957
27518
24118
3028
13792
4728
21030
8617
6830
32612
3751
25245
29614
8975
4317
10386
32583
7708
9074
19930
16276
30468
19596
13144
30719
29020
22524
29153
10513
27223
20921
15080
32392
24203
1164
11355
25514
31992
20748
7112
12762
27462
28877
7364
11625
8014
31189
18061
17582
29148
13903
31982
17753
20147
9348
16483
31748
9682
13062
18814
29195
502
3374
29577
15774
26720
3017
14957
6164
26072
7695
20435
11906
27890
16085
2952
24717
27024
18947
15142
24956
11688
17991
5361
28562
6984
30475
20991
5530
12247
19109
13212
10947
21661
30926
30700
1198
6278
25942
466
4038
14114
6934
14353
16848
4337
29477
24497
6850
30942
15439
30117
10201
31497
30402
19370
15590
201
30731
27762
22505
30194
2881
2818
25312
21331
24960
345
18401
12931
26265
8786
2919
20190
19976
25291
24810
6090
27687
7687
28082
14399
12193
31057
11756
14214
20264
10978
12286
5952
32619
10245
6680
4779
17730
32377
11787
25377
14380
23831
16223
11745
18684
4020
20383
32530
24783
29257
17656
30213
27713
8018
28419
1723
9953
23923
19934
29863
15074
4193
20353
27316
2323
12544
30543
21642
11537
4297
9196
23821
4538
27759
26447
13863
10726
4546
9496
3528
8530
7379
27427
21547
6621
4185
14429
14170
18679
19795
9686
30708
2390
11759
9752
31534
13546
18347
20152
15896
23316
6330
24618
3618
10003
9385
32729
10974
2751
17474
22647
13575
377
11441
5266
3779
32610
29157
26473
4389
24779
2105
6141
15094
28141
2388
17003
15541
18138
16461
17272
1500
19380
16659
622
14181
21789
3853
3367
8077
20718
5885
14951
8920
5932
42
18031
13909
2872
6334
7630
20259
23877
24941
19067
27444
15
31831
14113
5969
9931
816
15546
5726
24409
2206
11871
3552
7361
18658
22366
23484
17885
19899
8078
31041
7251
2439
18911
3945
4039
11692
309
8284
20814
16438
10103
27190
15141
13506
6882
26378
24739
3226
26020
3623
23148
16929
2982
15002
8936
882
27305
23284
5875
68
24724
20045
28374
20241
11276
4744
17270
11639
15174
10201
29644
8158
23833
19845
32405
13403
2136
31721
9291
27860
11614
16318
25939
5221
17898
23195
12408
1027
5934
19643
21912
6751
23074
11265
4253
27405
15902
27705
16559
26854
31144
31905
8105
4011
23947
24232
3529
20715
7721
6645
17835
18470
18193
12715
3192
31282
3284
32492
12891
9182
28949
5276
30516
23510
27872
4199
10129
3014
5437
32005
1498
1218
28164
10684
21451
13030
24306
6951
4135
13369
32509
31031
15531
22231
10725
7799
16449
16976
5132
11412
14711
20555
20615
18972
21807
22639
32117
28038
32152
29571
2703
22899
30045
31187
19969
11827
13084
16598
23417
13451
4377
23567
20861
17845
9524
25905
4353
29865
21784
3974
4921
23707
31414
2705
20908
14533
11506
30707
29834
10598
155
30859
15167
18955
21921
5345
21320
32013
1154
1221
4421
4187
6
6707
16464
8057
16172
21370
31630
22217
868
22685
17923
31754
20222
26618
21675
24606
8163
30249
16070
7696
17027
1319
2163
19285
20750
30388
15232
32082
13031
24057
641
18463
12374
5230
31263
6795
28285
5627
11443
7008
26509
26718
27668
27624
13113
4556
32172
29615
13163
25307
19666
6539
31030
6047
5972
3546
30221
5139
18514
2571
19762
16315
30035
10592
22896
17544
12690
16113
15117
13564
11161
19701
507
23950
18705
317
18510
17744
13529
23297
20723
8655
4949
24031
32414
16955
20745
30241
14084
13768
16230
29247
1611
12627
29667
13732
5822
30793
7504
2229
20678
19653
17255
10768
14101
11000
9381
1297
21285
21454
9816
12699
17889
27342
2808
8469
20642
11075
25274
7346
27228
30873
27235
30966
13594
19977
19546
8822
26535
20857
30722
26591
32654
3485
838
9529
20293
5987
19062
13421
15526
8846
16977
18181
17310
18848
12387
3380
4393
3326
15761
19990
19070
19791
5874
21816
21638
17701
4320
22875
12179
17887
79
16501
15183
15310
15966
25849
30451
15766
2604
16472
4537
10967
15597
7880
24467
7693
1085
16452
1565
13749
5811
2772
30160
30898
5818
12814
889
23022
6044
30685
13802
8004
30944
27265
7152
12190
3030
17367
16005
3162
14192
19931
838
31219
3667
28779
4903
7133
2862
19534
6501
1968
26443
1908
28348
5001
16228
11903
1243
25517
31415
20355
9749
31600
10332
12810
23897
21846
18135
20572
6756
18039
10730
30205
26165
12584
29357
10102
15297
19159
19936
14168
22761
31031
27775
11391
7081
2718
27287
23956
16274
19883
6233
26069
3962
19499
22892
22297
24434
11581
3720
19726
25336
693
15681
17862
13166
1471
27168
25458
6859
1733
22776
31597
30353
5266
10103
5756
18175
7863
30204
18004
16007
5933
4776
29788
25986
22333
23224
3509
9763
19357
17938
12408
21673
11228
20765
15934
2009
16639
14550
30694
21932
32621
15649
1682
18501
30728
23900
5619
7973
25757
17210
25543
12450
21374
20431
26783
32661
13933
32487
32230
22868
22716
5276
9503
4064
179
18728
21614
9311
16434
26359
27738
30156
14487
3841
15057
18413
21986
5974
12140
13957
17688
14330
9461
26828
10725
31220
25639
6428
22404
7330
17332
17645
4324
25935
2445
6403
5123
3335
29021
28134
29854
16554
31830
26771
2573
26432
28209
4977
29801
8844
7024
902
31983
15844
27879
24043
21929
32576
15482
20861
31819
3728
28456
22742
17499
26451
28745
22652
19604
2149
29203
27991
25485
22040
5987
32617
8086
25223
27323
27833
11746
4135
18054
24720
7404
17055
4772
10984
9747
4570
31522
11298
14983
13146
1097
10487
22377
3535
8155
6833
25902
10984
10137
20379
9797
31593
24840
28598
30969
8574
28277
14765
28824
13646
20791
3083
2517
14292
24884
3756
32363
10218
23975
4209
31747
28071
31520
27960
16984
4075
4812
4108
27801
26680
22262
26008
27151
18628
12494
21218
27135
18636
11113
1078
16082
11050
4106
10335
31859
4906
6048
27678
22009
31642
21903
18900
32390
9248
16307
386
4462
26833
30626
19699
17820
14334
14642
9272
28722
6737
4668
9813
6768
281
18335
31290
11991
20195
2951
15349
398
20042
26863
18981
14340
2832
2148
1970
21463
16749
12812
26043
25845
22438
12520
18896
9985
5602
31574
9314
3576
4154
17626
19319
1556
30479
23837
28066
27376
16800
54
12595
31214
26331
31785
21419
17366
6260
20397
23923
25023
13365
9779
15821
28979
24469
21795
25354
7054
395
15977
8958
11431
3748
15408
1969
31922
23380
31213
21591
12645
26761
24224
22146
6746
24198
27735
22423
11445
10735
14579
17022
25094
28448
25646
20894
32369
18371
11997
22793
524
32418
6003
243
18824
15801
8135
1129
8724
25232
8215
18496
21630
27848
19276
24139
27547
15091
18559
18641
14826
2473
1469
4669
25204
26840
10247
3352
26870
7003
15517
20533
3394
5326
3965
17195
30179
2465
19238
20232
28160
17772
17825
1860
14979
15234
7874
24308
19065
1481
5036
15936
18108
17865
11155
3095
17616
7170
8646
34
8460
10627
12524
20726
17402
20408
9101
4749
22272
8836
19925
22775
11327
16527
21653
29517
23995
1506
25995
21223
26556
19633
17635
29390
17013
12407
21501
21364
16100
1865
30065
24227
11001
1379
29265
18356
250
16136
17582
15361
9766
31881
27485
30621
31897
5283
11002
4674
19567
16653
24622
6282
18476
8530
18222
17762
12380
24541
23684
28604
23158
11602
15122
133
7942
1573
6996
1239
29451
30309
22501
12399
12446
20440
6981
25697
21205
1613
6873
3594
10471
9774
819
29255
17553
6485
31124
14564
10168
11808
22191
19544
30031
5320
32432
25007
10619
18158
31357
15559
7413
3447
13884
1215
22449
6298
2325
15533
30397
24119
27193
13455
10603
12907
30499
1669
2482
20065
12062
29757
21458
14699
2055
14510
16695
18513
16468
8713
2720
9961
4693
2028
21888
8167
11450
29145
4260
5879
5206
488
1047
26889
21282
30648
6211
9964
6277
24491
6232
24095
11986
16979
29682
25572
27155
26663
17398
22165
29701
1403
5820
18747
6499
25263
18292
19805
31847
21670
25794
20246
20623
6521
27308
30570
925
28013
21430
2266
30689
27683
17739
27190
13242
4623
23391
21427
10843
29227
22355
21054
459
29677
13849
5391
31279
11638
29080
14720
23116
11788
29010
2336
1352
19658
28228
24067
7600
20374
19981
8541
22976
32340
14675
6223
27870
30297
29027
29441
10855
21027
10519
20977
17838
31047
25853
13707
21314
11434
9909
3065
28528
8948
26523
20796
11785
18754
9895
30076
14182
31772
3473
32156
13992
19622
28984
4626
32068
9754
12612
28662
32704
26485
15114
28760
4023
17777
13233
6615
30499
2228
3475
28783
22748
31815
3302
30611
31323
8265
32668
6780
23236
29925
11399
28352
15140
29057
15809
1318
31734
31800
10827
15545
29677
30091
25332
19483
9197
11347
18045
29980
27738
19962
8442
5771
10134
9963
14971
4173
19909
18247
14572
11691
1492
24538
22842
2544
18361
27469
17336
9012
29692
30621
32704
3955
1142
9164
19101
2018
14937
9686
21928
16002
28016
27878
12210
12789
24744
13258
23970
29585
16336
6052
26207
5043
10909
1763
22001
10325
28913
7282
31715
8675
25692
15151
26859
25163
25316
32159
28621
19028
32513
19936
11644
12592
26860
14815
23682
31316
32025
22475
30627
15751
7170
20169
28605
13625
12071
22505
30963
26391
32595
19288
13066
15068
16416
3544
12563
29546
29885
29294
9291
15897
4591
25690
11839
19535
342
27980
7732
11089
27122
27605
7621
20056
25062
3612
4302
32488
28027
25810
11401
10077
28519
8808
2551
11207
28240
23167
14210
17655
21388
21920
3552
4570
1835
19757
19514
21254
3383
9111
16270
1171
2106
27858
31058
18988
17665
23302
22874
24933
13216
25480
28411
3663
29110
12296
30065
13899
18930
12300
28542
7451
19670
24221
9812
30783
26299
4159
4021
19582
5910
23847
24409
18883
11513
31657
18320
6442
11485
7920
11560
20827
17310
11761
21137
1303
27335
26273
15935
8208
8720
16742
24656
1534
25125
10444
15215
10223
11433
22906
5368
990
23931
32356
28764
17032
8504
23874
22984
26491
13569
10048
17409
18288
21374
16887
32147
14554
29474
7324
298
12991
14769
25975
9536
19911
18688
13207
28408
23443
18685
30917
3146
2127
21230
20406
14689
14987
8702
31365
5441
9542
11509
9568
10669
16460
3399
16769
10824
6851
22352
3167
12026
15360
18398
5926
28053
1695
27376
25189
14009
20946
8125
25095
14837
11513
7672
32133
21806
371
24659
24666
29509
1716
6210
11958
15860
15512
3841
29302
9977
24567
6104
21588
3191
3450
30622
30043
31897
1709
25980
31903
23672
19797
2291
11562
30271
2307
6432
6201
12941
27369
319
16297
282
1005
11887
15532
13470
16636
27316
16064
21998
417
26946
30434
12904
31958
26617
17150
10642
26650
2604
11691
32254
5315
20646
5653
11633
30614
21231
5178
5187
20117
7627
27994
24585
22808
23300
11432
5490
22047
9833
13382
11631
15591
13335
23152
3479
25531
11255
26360
24521
2317
24200
1266
3347
29381
14047
31920
24530
6105
3564
18929
4379
2078
17150
25173
17754
1630
15753
16404
15417
2218
15400
1264
14276
4849
5342
18792
24266
8146
19105
27695
7814
2991
7193
30172
20350
13827
28581
25827
8620
19701
16543
30148
5084
30509
29153
15234
31317
20454
10631
7255
22715
26948
6647
1702
4916
18664
23583
29233
15050
4803
16126
396
30993
22055
12390
22482
24329
12580
8960
30358
6981
15889
5520
14364
23373
32617
8058
14793
23618
15833
9862
19161
28352
3222
8672
13136
29192
26612
3683
26419
2655
8757
30742
31223
5809
4766
15607
26170
10618
15057
27896
32177
2279
22102
27464
5474
31288
2171
13523
16915
23656
7262
28684
14594
22032
2888
10730
10454
6793
15676
25648
7894
2640
14288
22770
19545
12975
12092
5973
16509
28826
11697
23958
27164
15064
17644
21582
30204
22371
32266
3828
23878
16
31646
30115
14394
14962
513
31773
10528
26364
23017
18961
29570
19303
16701
14489
5016
7251
24104
18695
27140
18993
26733
30945
20416
5472
31994
5930
9812
11670
20415
32483
14412
24706
12224
23250
32233
7088
4457
22146
6679
17836
4898
24715
9119
12906
12324
25107
3742
14053
5515
3989
18998
8199
19884
14050
26243
4297
13736
11877
22224
2971
28994
18858
9227
11014
20717
30498
9079
19856
24105
27424
1441
14560
528
31784
20885
30754
31276
5225
8273
31149
3980
23688
11386
12259
17431
927
2638
14681
27168
18566
7130
21561
23098
10321
5485
8420
15181
22041
9804
30683
4329
24576
6567
22239
987
9583
972
10583
6398
674
20379
28659
19028
21863
16442
2959
13909
16162
15114
12122
22919
18453
28121
15927
1615
18398
9561
5987
3847
14145
26576
5720
22096
20264
10258
18930
14762
6376
9389
9937
2626
21446
18275
14590
2058
21434
6365
6353
4879
15731
7325
10002
1800
17306
10549
21598
29994
18779
4278
30668
12356
3618
11628
30929
24327
18082
9928
20577
2213
18204
670
9559
20383
8926
22161
2071
20183
25866
11723
4466
19693
18072
30449
26826
14792
1438
3669
30070
10867
16847
14446
16231
18219
578
8326
17164
24502
18550
12211
15476
6646
21650
20488
11699
28349
32497
28684
9350
26851
19165
23147
826
23190
5787
13804
20681
31986
3241
16803
21575
11729
14915
8552
32636
16357
28459
20104
27859
4356
19114
186
29811
23234
6610
9044
7339
28997
27399
10942
27027
25685
31422
24103
20464
14003
23939
27000
20313
8108
2881
19334
30616
2797
12222
29836
23891
19097
25701
10456
16876
12185
14152
31684
29349
31796
9061
30440
8968
25823
24104
16782
18054
4950
7730
23654
11614
24555
16217
17788
26816
13598
26608
6246
14898
20847
4936
32450
4660
23408
9590
1248
25119
31774
27735
9915
17747
29553
12754
10542
17809
23346
17245
4964
16038
3085
4803
23697
9546
22759
21540
8671
13639
5234
15677
30892
19166
5374
18921
12530
27494
10898
10728
7174
16694
15163
15328
11142
3781
31140
14753
31884
23824
27111
31149
9000
26940
10403
27128
18958
5501
10319
10220
31371
24886
22733
22960
8382
11362
27970
11434
8196
18994
13350
7491
2996
9975
13719
27626
22541
1347
3059
25435
5996
5707
10917
21537
6082
29072
1855
26969
29766
12223
22730
15034
28519
11477
24921
16338
10501
13702
30181
2194
1248
9184
14420
24333
21841
12076
14299
13949
7736
29461
27526
2951
1077
29196
15125
6592
15387
5866
2570
2671
3745
31191
30976
149
17499
27755
20798
9770
3561
4372
20108
7850
15471
440
15174
720
24133
18843
4782
18849
5103
13954
7558
17069
12623
17689
15583
1426
32537
11410
22316
31425
12424
19855
7066
24965
24911
2114
4004
30529
12243
15826
6881
9209
18327
257
1313
20499
28663
14861
6841
18271
29466
16851
27419
19798
28962
14394
21930
18079
29605
6607
22732
7128
21857
22701
22336
14738
21035
31904
18354
20893
21289
3722
652
16775
19265
21253
8720
16991
14289
6217
10404
17854
6561
6993
24940
9225
31254
18489
12062
32752
20648
23019
15634
826
23701
7418
18073
22725
18135
22990
26768
1992
8276
10754
12597
5212
4182
15626
25145
2363
18234
20505
6422
20167
2412
23873
20898
29518
26259
17885
30436
18572
28936
31788
30247
31345
2445
28734
2126
805
4924
17428
9575
8266
9149
2819
22147
11649
956
6233
22980
2095
5018
8515
19639
24705
26723
13806
20708
7085
13569
21997
24228
11131
21423
9179
14899
32517
944
31809
16134
28858
12096
29625
30047
21929
19915
84
9758
4605
13917
21050
24794
22211
30298
8080
10288
27892
111
26527
14427
12719
18376
28978
7173
10182
7043
2111
861
17020
22117
16074
4458
19853
14028
13575
5023
5743
29413
11455
22447
15064
23839
27636
5027
16512
11488
13000
5161
23080
16246
18587
9519
32219
25936
25716
26800
12404
3950
29858
4046
10848
28950
2467
10786
14757
27081
26692
32592
1315
19317
1802
9950
5402
20716
31441
21062
17645
22677
5811
32073
550
14177
17195
30855
31929
14337
20602
589
11405
6743
18506
25006
20536
10026
658
14293
18699
11293
441
31641
30798
29666
23038
21330
460
3755
10263
16619
6035
32481
23320
21561
13045
7705
21911
22411
24274
20036
10766
10883
30490
19237
30336
16164
397
12297
9056
27947
965
1458
2478
4003
31351
27796
17507
8372
22006
14148
12559
18364
8184
2349
25537
3489
11933
19845
4647
11109
2221
6783
14838
9978
24353
21698
1676
12888
16358
10011
14805
206
26077
8814
7275
1685
18982
6643
14593
22187
23198
3998
26369
4830
31142
17631
26740
8743
11047
17292
7971
8506
4819
29468
7419
16731
10157
3605
5046
2419
16587
3015
26552
11619
24410
21051
27191
28568
23012
17511
32415
16608
19662
163
12085
4732
29733
25441
29946
3702
21146
8728
14034
10805
18890
4737
17381
18254
1987
29190
19782
22173
28100
16760
8915
12693
21573
2304
14172
7636
20535
6232
12295
12026
23949
5946
754
31420
4859
31257
26907
21300
17150
12048
10109
31611
11804
5912
29564
2682
10861
8061
30339
28669
25690
3987
13548
20489
7333
24229
23584
10352
1962
9774
15359
29858
12772
1099
28546
17350
3506
625
30878
29962
3675
21595
21356
3639
29776
839
17544
24712
11954
22882
26295
28604
30228
8577
15308
20330
1154
3857
17612
27285
3778
25169
25936
27008
25305
7359
5675
10691
20434
22991
11085
31903
15034
8163
12519
8079
1263
15736
9168
8991
10139
1693
2344
13313
10363
1706
10555
31326
19429
31278
29095
874
10249
9513
17090
26939
32119
22908
11318
11483
30945
16797
23790
30364
16930
17295
18998
12459
31872
4114
21021
12264
7214
12823
23838
24309
13589
12918
17152
8077
9941
9187
30459
22040
18950
11039
16156
21372
707
22379
31467
4405
23657
24386
15690
29608
4764
5447
15776
1716
11147
10621
25655
26763
1909
2742
30179
22208
2413
31822
8933
4513
15706
13336
32014
2502
8001
5273
6440
3050
26567
22388
24465
24314
497
15398
20521
2156
3631
3827
15726
10962
5785
7200
17126
12975
22648
25443
31422
17801
18184
8088
14000
10047
11132
30389
16426
2461
1603
26112
25516
31278
5514
16000
19313
25169
9474
17841
27987
19855
2787
20092
4073
27180
30257
24165
10994
30716
29246
13063
9974
6520
17264
15293
16426
15121
324
23459
4245
1221
4499
1981
1393
2543
26900
5493
17364
11107
13603
19787
16527
24506
21184
5576
3926
21995
14043
19123
11554
9756
11215
5256
18900
1207
2092
21542
21787
11199
17081
30408
21143
28261
1977
17974
14655
10966
13166
2365
25088
3672
21980
2140
18854
24469
9167
19136
10752
17206
31007
8051
11839
11956
20531
18128
18080
32107
21188
20538
24395
23537
26595
13
32378
32165
25406
20949
3549
20619
14751
27326
21310
9047
24245
4172
23649
29127
12311
30540
25134
19254
4486
32523
26385
1903
7794
11461
5282
15807
5312
31584
7297
12878
23755
21338
8324
11694
21161
16129
26133
29365
13487
12002
22741
18056
23351
25219
8326
16121
7584
18773
20007
19219
2199
28644
25696
10738
18837
19793
16161
17369
29609
1282
7815
6526
376
28824
22783
15784
14466
1569
30893
3324
20903
28303
18447
6164
2793
24682
4573
29650
1651
4801
6196
25588
6875
23654
1780
5096
30884
21339
25959
20961
18695
135
19235
42
10738
31661
23601
12475
11090
927
20590
7946
12686
26287
2610
31779
24915
20327
48
16635
30871
18810
32413
31489
14552
4857
917
18167
18085
3530
15034
28160
8800
25943
23582
22778
7746
15491
29283
19981
30111
30690
19488
11396
26988
30761
7303
6876
1534
22755
3909
23323
30228
1894
21418
14692
1816
17926
25354
18631
17058
28552
1635
25181
16702
3802
24383
6805
6767
7937
30684
8393
5620
1874
7819
15637
585
10213
4182
24680
21617
2631
14053
31451
29939
2671
32163
3138
24099
3059
540
8961
28578
3964
9129
15650
6952
15480
13904
16292
20097
13070
23782
30741
16086
14935
20086
23651
31022
7883
2791
31983
23604
21753
17112
23779
24379
13436
30415
9414
19071
24362
4499
25421
17582
10382
470
20596
22951
4505
5911
18126
24193
11412
9671
26393
22223
32089
13995
6678
16162
10691
17793
25752
24784
3683
21222
16858
4852
2932
19831
30741
3254
7697
5687
6994
11469
6566
9265
12925
23106
5541
2910
12988
25206
25466
27336
17663
30822
8384
1520
2519
14638
14773
3437
20363
22988
28651
23255
28265
25127
14657
9187
16218
6480
2834
26831
24761
1799
26028
8705
15717
11905
13316
28907
2581
26216
21416
22577
11500
29220
22772
16142
17230
16473
25481
17396
14833
29360
5883
8818
11063
4827
3018
12379
30651
6355
19604
13861
19753
9828
13192
9871
3924
7148
15390
31110
22402
27232
7429
11850
32266
18063
15965
14541
25122
8619
24615
24156
25586
2821
1274
17792
17645
24344
29943
15655
25184
26569
27903
32511
32331
20973
20003
28963
2673
7180
24923
11001
10667
25188
891
16730
23425
11313
19812
7668
1531
7724
3191
26093
20917
13906
8016
13257
3122
29926
2736
10382
1138
5817
23226
6182
5575
17577
9315
21764
21732
23656
15140
24331
4919
13951
28401
31147
11385
3474
26223
27981
21123
27365
26978
30705
19299
15391
12132
12565
21935
30286
1757
25817
10009
27180
26671
10850
14660
11681
18737
14716
22742
16008
17631
17283
10959
17078
27472
21379
7193
2360
19944
31134
28511
12509
7118
17838
23843
6133
25248
21804
31243
31063
18278
30801
22396
23209
19397
12922
4714
12251
29558
6609
17519
22517
24054
23082
2842
22291
10366
24363
6537
29101
11317
27056
2106
3356
27813
5229
22302
31066
19051
3030
21999
2058
20019
32059
26308
5304
8164
312
20195
25185
32280
1356
2518
29238
18895
30920
21185
14237
31332
16619
22514
19833
3520
14411
19642
4267
18637
15734
19835
17369
23597
5338
18947
8301
16685
8674
27160
30945
25332
15202
8276
20539
26625
7989
24372
2771
12244
18725
9323
7260
22762
12554
20092
22306
25327
13366
28807
16529
16688
11793
6243
3831
29007
1025
15086
13451
27194
10381
15009
7085
30557
22977
15464
30831
21527
7892
16048
21333
7019
18696
9921
12633
24569
31698
14414
32050
44
59
11082
5590
2740
26502
21502
9790
18231
16659
4441
10857
14147
26499
30087
17827
9096
10525
23749
19975
2372
20336
26227
12611
31742
19002
1130
5787
20343
393
5265
25137
7646
4896
14507
32131
32323
32540
24691
2357
32590
2008
14827
23569
14897
18701
31729
29516
4571
19006
16147
14346
29294
4179
22692
15909
9460
29316
27663
24618
2894
13944
9836
23717
22636
14254
22609
22687
6340
7709
25067
27492
7932
26647
9549
6026
10474
19315
29447
21806
20671
12779
9467
4481
7807
21699
23404
18308
19893
15276
4184
5647
7012
8935
29960
30488
12352
3245
19941
31794
31518
463
16525
13396
4010
17818
18470
7900
23896
253
17395
20435
21149
10478
21540
10611
16478
9225
30963
20198
4521
29562
10220
13393
11171
25374
19340
28689
2497
1253
24846
12613
27195
31611
10370
32652
7870
22567
6943
10256
21858
4083
7130
31683
28123
19469
5688
17128
12019
6509
32608
2518
28728
15288
28020
11000
3057
10084
14625
14873
11607
26398
23925
13534
20226
28776
2545
7316
32162
11143
6880
23852
13039
12956
27623
9604
23779
3089
14556
5353
25894
25654
219
25049
19658
2604
8087
24077
12344
13315
4335
31671
18282
19999
4802
14344
13915
23008
6403
3829
16828
8066
18448
23611
15337
14145
26943
19872
15899
11713
3514
19068
479
18350
21390
29817
28359
10399
254
9623
12383
24897
27165
3955
26722
10417
21660
24520
20782
17705
19936
3638
25718
26591
10071
14146
23095
42
3341
10399
5101
18919
27258
684
18438
6939
4511
4925
407
13530
22609
19870
18510
7015
8148
981
1192
14748
31403
17704
29795
21388
25775
1503
17207
3176
16735
29771
7105
927
5239
7943
17600
19785
10436
20606
7811
18886
6454
17325
5282
8354
28727
5675
22509
25276
20795
7014
29858
6056
24728
29999
6371
14929
23961
5497
8038
26851
8909
3421
12911
19432
165
19810
6907
30897
9790
15100
4158
21239
3196
16210
6992
12738
5976
13124
25380
19338
24955
19629
29881
11676
26123
28901
23444
17088
31941
4235
7789
11545
23628
28801
29737
30540
5824
1079
17672
24805
17555
15661
19488
18934
20888
29619
27914
512
8285
19700
4571
32279
30651
16946
9557
14914
28331
11603
32095
18977
19035
32413
18867
23762
642
32702
23255
14356
24560
18447
21838
28333
26985
17945
9487
22026
4787
601
17718
32550
25070
32576
12282
13997
32548
23166
2783
20576
25121
4992
25388
16827
4741
6967
3744
20437
11799
4380
1121
21641
10588
20849
16949
24275
32361
14537
4596
12924
15861
16586
17214
27386
14002
23090
11625
17810
9950
10264
3517
22207
11284
117
5604
11991
25961
21986
16028
12780
31668
28323
12975
9968
1069
3301
26149
16925
28986
27716
11704
11924
1413
14480
27272
23365
32082
25041
7696
3854
25104
29064
31321
2087
15405
17720
17005
10941
5935
21029
3855
733
3073
22108
19369
7572
17802
6899
32646
32085
13188
11154
14145
11674
24460
10035
8830
14798
6261
3621
14807
2923
26594
12631
282
29536
1556
9939
14769
25269
16384
26505
6497
5745
933
31310
22840
15036
1692
20516
12480
18753
15089
13756
4473
9942
1585
32313
13958
17503
28356
19255
23719
18159
13181
5644
13927
31537
368
24141
28823
6151
15364
8597
23290
5232
2889
129
2370
5295
9355
13567
59
12970
295
15817
17223
9616
30621
25388
22026
3262
27367
30990
1638
25060
1033
559
4778
22115
10730
6319
6
8186
11106
16337
13635
30882
20372
766
11696
21942
16510
1549
22624
6743
974
27329
30610
18703
30199
12179
5233
30900
31621
27570
23294
4240
23725
3145
29258
4030
32553
30464
9448
25559
29251
13765
28066
4815
303
4044
15467
15385
16285
13268
1941
13586
17551
22445
32068
17564
1896
28919
26915
16905
4934
27436
8789
6972
1170
32481
5551
1546
1238
3656
16420
24806
14542
11002
11648
1726
21697
10483
20314
6688
19217
25310
16451
2977
18706
5012
18244
24447
30232
26847
12168
30341
10452
13187
18517
24111
1760
22655
8513
27663
17048
26512
22178
10351
27436
31479
582
19512
755
17532
9316
22035
20482
27571
6355
31437
6910
8574
27770
29952
20526
3283
9992
30704
14036
29887
23781
18867
12990
19371
7528
18581
17432
32735
4426
24506
14724
13636
23898
12037
18541
19566
7539
27193
32663
23257
2987
13150
18427
30835
10190
29799
26579
1627
29451
31761
15345
21225
5100
25102
6996
16110
30348
30307
6397
18493
15620
16399
6143
7530
5158
20205
26070
7889
16494
25819
20217
28890
30517
14876
25011
892
22568
24827
21294
13056
6905
3249
15057
26120
17748
16265
6091
19663
32021
9282
21744
9650
19128
5813
16069
10992
24592
8120
8150
3502
14140
26689
30544
8766
7640
26575
32203
8608
112
20997
27752
9289
2618
1944
14876
14884
27908
3692
17227
17367
25963
21754
3993
28999
20302
17653
10749
2398
24194
26925
16151
24332
20423
10931
30147
6027
9723
26942
13806
9704
18318
29389
20904
8127
4150
7822
17531
20294
10980
3839
31995
9868
18422
24403
25759
30723
942
16407
6607
6205
4323
18197
4158
19699
31734
30329
2938
11595
6664
16178
10178
22362
30826
667
25879
7912
24661
22363
26773
6516
17116
5514
26628
11128
8478
28181
29611
31471
17600
4451
4708
27411
23707
10552
25590
1387
20913
10714
15774
29701
26726
15987
29935
28929
493
21687
19677
20303
4608
3014
14612
184
7380
2644
27534
15651
20812
7
24676
12049
4973
22048
23524
18795
2834
21342
3813
10877
2784
14111
21847
12354
25469
4041
17182
8674
30461
20584
29473
4729
8349
27033
19613
24858
17588
27046
12992
31252
7398
26610
21107
15731
5275
16280
631
11978
18863
23887
27059
21040
1388
9361
24524
23177
16821
12284
15351
3335
3715
28920
1547
32240
27542
29338
15835
2721
27236
17352
11458
13523
11350
19614
30079
17181
4403
4881
22083
19130
10716
13010
20745
1677
17211
3189
11814
8034
7542
28627
3361
18807
9064
17837
30660
23355
13905
31890
11123
16725
25036
15618
3261
29672
3074
10451
31025
20757
30238
10708
27507
194
8449
5041
9615
17818
27190
7446
21900
24405
29992
29719
26693
25146
13458
29136
32372
10210
10296
12616
14352
15678
8917
3484
18905
29148
11348
19289
4401
27749
21570
28969
6701
26731
2180
5042
19436
353
17477
6331
12071
12011
11059
13712
778
22105
25835
11432
5186
5485
19633
3718
2648
10853
18789
477
7997
7477
25010
22263
29990
3605
24713
27223
32409
19771
7630
6814
11464
8170
16209
21931
22559
22187
1535
262
5913
6363
31578
16767
30551
2405
4902
26130
19699
10449
5477
31246
3090
6270
25734
17015
24760
9003
29658
10920
30945
11964
583
25660
13517
31547
27968
15919
12699
21278
12276
30529
25113
4296
25286
3995
10715
7506
20222
23989
11914
19594
27326
27255
21375
14908
20791
22687
5008
3249
2844
23394
11562
16502
15191
86
21665
24926
1020
20623
24771
21706
14203
3336
9651
6440
10777
2629
29173
7866
14241
28471
25029
7577
20822
23392
31917
3321
10285
14392
20822
8110
18233
14798
927
27120
12903
21170
236
5211
23915
7955
20160
16441
3834
2853
10127
260
1082
14533
22989
3879
26743
26720
7499
6149
29975
26897
21187
20284
19920
21513
25010
9515
27928
5940
10341
18098
13533
4890
12887
19000
30583
20483
10426
11763
3291
3678
12628
2915
18449
13923
12172
9248
24808
27384
7109
11222
9704
17361
25834
29582
2696
29404
4170
23087
26017
22748
2983
9796
29731
19795
25993
11519
29703
7590
24536
27262
27524
1916
4266
28494
28806
12903
1370
18222
1116
27846
7130
15637
22448
12266
1610
8310
2749
12151
11465
28610
15804
30733
24971
3119
1439
24872
6955
23224
6402
22085
10563
30308
18783
15175
5947
22476
7297
28696
12638
5591
6715
14227
24627
9161
8793
1442
19978
12412
24279
30883
2773
2796
9809
529
8761
12282
25275
608
22501
25961
20562
23592
32291
1581
10450
17030
6828
25573
3818
18112
19905
24998
19949
26919
12151
11258
16842
12610
5971
12840
31550
4392
534
17590
29768
6190
2522
32045
26846
14530
9310
21276
10206
9623
7071
607
28743
2563
29864
9889
11945
8613
14506
12320
11994
29514
21583
5552
5611
13073
332
26627
14426
4046
28214
10791
8329
28589
6294
4944
22895
24600
3391
7640
20878
15578
735
1924
27173
21124
725
9993
1702
15
5186
15055
12394
7108
7523
5364
8868
8025
28446
18580
21140
24413
11994
15432
18429
20950
4756
17900
23000
10280
9007
13222
9034
16440
30988
26147
17620
12498
9947
24612
17866
30024
18097
28474
10758
31836
23898
20941
4061
7776
2032
32355
27218
16028
10156
28703
11146
7152
32765
7304
29568
5307
31447
30349
5882
25083
1870
8901
4796
3509
18019
16635
16123
10391
31262
28393
22292
732
27357
26692
10622
27760
14059
26617
1021
16468
16468
11959
12313
16197
11512
21165
5071
32152
11487
15509
19078
26729
31436
30193
19013
9716
19221
11412
26914
21827
7345
3941
22270
28938
8339
26720
24431
22991
11062
6109
2046
19277
25722
21781
24211
16667
10670
22498
3117
3721
21998
20422
32726
11723
25775
19503
17879
2649
8856
31225
24360
19093
24724
23093
11562
23726
23845
22057
17816
19141
22523
21655
17083
6735
965
13379
25566
15035
19015
20399
4610
18260
5804
28201
7379
8296
6686
17927
17370
8106
16021
29746
24563
27605
15340
3297
16642
12178
826
10663
5090
14236
29791
6320
25758
15394
4573
4424
4324
22893
9962
4508
16054
31682
5059
18885
11107
17034
13378
14338
26294
7856
5299
23109
20077
12363
26852
6386
24044
10109
31099
20195
9779
11418
31628
4783
526
5005
1643
9516
23179
24184
7103
10546
4017
21403
30168
2210
22895
10871
4163
10919
13523
5171
7835
24380
12669
9022
26017
9199
13138
22070
10895
9700
31861
18953
11434
9500
4979
22362
23831
7415
22973
7974
18671
22008
26204
19111
27030
17609
30944
632
20296
23167
6297
24827
23028
10782
13322
25592
29774
1888
21659
8582
1312
690
14990
17455
2784
26240
30004
4687
5512
6578
19297
1213
4770
2935
2077
12461
8098
3137
32668
2261
22137
14353
24689
14799
18535
22004
9470
9663
6929
20685
14639
17205
31699
11606
10344
25429
23895
8546
26555
9013
13159
12389
4191
3206
8447
28981
7773
10615
19623
24850
1933
4054
20223
26597
16065
10104
28572
29125
30528
12252
9234
16831
15478
18699
1362
25047
12777
962
12087
21578
3951
15571
15963
27158
11679
18377
24623
25276
13957
11467
10571
14661
20122
32195
9730
17027
18930
1727
22842
153
16824
23959
7546
20414
7640
5328
7237
20541
26363
5568
20391
12736
29880
26099
16909
17359
19464
23502
90
28564
16891
1650
29238
32481
13994
19683
3241
21620
31853
2154
4842
31097
16206
7735
22897
9296
189
23627
16211
7313
31621
7573
20943
8269
1022
31067
20004
11927
14468
476
30118
23363
5673
22068
26641
4078
17831
2943
30749
24127
13465
12609
11859
18283
20202
29958
28190
7423
27789
10565
28965
24282
18286
13194
3288
14968
3497
9684
30281
3959
25595
1852
30782
7507
27765
4056
20356
15989
9592
23519
8582
21612
13533
23054
16670
18810
29556
31050
13738
19282
19632
22918
14435
8992
18080
999
7146
20170
17953
28198
21028
16245
25427
19767
1096
24908
25161
31528
28982
20604
9221
29771
1547
24451
9123
12183
25842
21163
21460
22092
20029
29905
28814
7894
8116
26987
6402
20212
24108
24522
17871
10521
32092
2972
28533
18707
23021
1716
30988
13290
6608
14
13110
7947
26324
23565
2898
12965
14200
10760
15090
19284
6653
4869
2959
32509
13760
9668
636
26873
30407
9216
2329
373
6042
13553
25929
1048
32084
8469
5670
10727
6649
31536
26867
14950
18698
23186
23121
14336
23127
2712
6070
11177
16149
21365
13596
21442
3376
16434
27382
14909
19683
1524
28776
30209
17541
28798
17847
7056
13990
30710
767
8423
18010
25580
32548
14502
30165
8088
25354
26736
29496
9059
32009
24213
10155
6058
26779
19182
15532
5310
24152
16137
2982
9263
16421
22918
11206
26442
13736
16577
4618
1760
27903
12466
30619
20553
21425
8209
31324
9129
23524
16573
11203
6002
8657
24414
488
29994
1398
26185
24283
29551
3210
1957
8763
20792
8374
21196
30980
13917
32258
14580
24489
32090
25998
17679
2659
19024
26754
2800
10184
4940
24391
4526
12703
32204
24824
15693
16371
13695
20243
31643
4710
8269
18805
14425
17352
5015
7813
23707
23528
28352
2991
23922
13226
16108
25108
7623
24410
20487
25471
10122
4928
20234
27547
13
13941
24953
14692
7082
6133
22064
27868
13484
31220
21344
3327
2413
26486
9685
10744
17851
2074
5498
28565
7040
26166
25374
15353
20130
23337
21368
3729
14377
5613
27497
25417
1184
28652
16770
19967
12733
1045
2246
27191
3908
15406
14513
29457
18216
18540
30329
6009
12531
13633
9107
24222
29801
4981
13689
12453
16232
26232
15019
22430
4883
19703
12531
3255
27696
6061
4334
26031
19149
17020
13000
13966
23850
956
28743
15252
20947
26067
10251
8047
5389
7941
1556
12721
32115
7054
13700
24960
11233
28142
24486
20623
8849
6533
7216
4686
22404
27487
14021
27486
17956
21841
28094
9544
17447
32581
3626
19054
7606
722
4371
24130
15567
1296
7684
26037
24552
8874
5831
21491
9173
25140
4211
12109
25835
8383
23975
630
15206
11435
3600
28147
5896
701
1841
28109
15875
24945
6755
10121
13081
9874
15386
21593
18178
11015
16491
7060
22798
4336
16587
29028
2827
14322
3866
19903
27753
19406
23008
20376
24732
8505
26070
8278
17602
21736
168
11141
6278
24810
4345
32459
11844
7226
26535
26142
9838
22677
13905
6197
14894
4745
20247
1852
6476
26575
4513
10700
24403
18394
10595
20506
25583
4784
287
22895
27290
6649
4011
24024
30071
14421
25076
8222
16254
29427
1603
23544
8666
22880
15551
17536
26767
6044
4404
18148
23136
28275
16914
25950
30704
1546
6329
15974
13863
20153
5875
5158
14295
25624
7618
26670
19104
9821
29021
32617
11025
32229
15989
25167
21519
32016
1212
11613
23931
21586
2728
17858
11791
19591
15988
18012
1161
15239
10345
14562
7180
9979
21083
28515
28611
2415
18550
4591
25031
28072
5947
13460
18755
21559
27333
2444
11222
5966
13137
948
9784
16595
29437
32064
18465
1715
6352
13997
26470
24953
3323
16888
11877
28959
21086
11790
27044
9251
24910
1667
22709
21726
8086
31622
1629
20754
6587
17941
27637
32706
24965
7277
25615
6470
13754
19141
12381
9630
22317
17467
5839
13575
12023
16399
23036
1740
10757
14095
4291
4703
28115
21842
8498
9896
19062
13353
25254
5021
3552
28755
11060
4627
7264
28784
19528
24019
29288
28600
17036
13809
29587
8429
7436
14169
10982
32142
24471
17835
24663
5454
25704
30281
10123
29125
262
12718
19428
25188
29288
32513
15803
17582
21597
11753
25834
7333
10283
21156
31886
4483
11894
18515
23563
8875
6244
11672
20816
10463
21503
3939
28764
30643
30683
13833
31744
13122
4600
18583
19431
11807
24041
14949
21461
25487
9782
14062
12332
25077
21760
32734
23476
14733
30691
29037
29339
17245
15137
8428
9915
21609
8188
18845
18716
12583
29283
31688
3258
21810
16849
16907
26248
25410
24947
12530
11956
20828
13193
5320
26413
9542
17422
12716
19299
21822
30363
18919
3406
8427
19337
24188
25521
30356
86
24065
19872
14480
3913
13742
12096
30462
21081
30900
11214
29110
19788
4559
24802
30335
25372
13087
26357
28546
31390
30772
15137
13822
22117
28264
30249
32062
9189
30577
29881
27080
1492
14902
21743
10456
7638
5602
27929
7180
22872
19255
8129
28001
1468
20518
12519
8030
28599
412
141
28047
4600
10142
20089
4405
5899
32664
27446
15932
12924
16626
31324
27757
5439
20453
10769
16613
335
4749
976
11206
16534
7231
14953
3628
781
8988
6473
31843
26660
29670
30972
28759
14180
22547
23792
75
3155
8736
7804
28110
31128
21544
18720
8427
26463
5301
3087
25505
12543
26070
25834
29075
17882
21106
26575
12287
20869
1499
18578
8692
12074
422
2378
27840
11306
26043
29200
168
24070
32424
13827
14813
3967
3643
27024
3499
2300
591
11760
6130
14381
3558
13809
7386
31470
22648
2042
21187
4462
14219
8521
2171
31632
9860
24192
31668
17809
28861
19808
29621
2028
16855
19412
29775
7802
4178
6193
7443
23262
5722
14012
2242
13856
19684
20589
16645
17816
7418
28402
6750
30478
15187
14839
3167
22559
25127
6565
23066
27874
23873
25192
7896
22988
7254
28150
4878
25809
16277
17805
7564
4556
21119
16763
1272
24097
10489
16868
21883
24481
4768
25792
20154
19118
22620
23843
28168
9119
14392
20417
26841
8038
21361
22705
11130
30575
17100
7793
12288
13516
17709
5675
16767
13968
15462
23862
32636
30584
27725
19424
13732
22225
12305
9579
23486
26773
6606
2389
20958
4312
12382
2525
11483
28258
16243
3010
9988
22686
28130
21326
2319
29875
3650
25235
8018
9712
23990
3317
3894
23917
9479
25576
8424
3311
28662
24827
20817
16653
20176
28950
16457
9873
22082
17663
20231
32545
20847
2851
732
18719
23104
30356
34
7885
19451
14158
12655
4277
17432
18366
28430
32584
9552
13189
15023
14277
20726
15225
25437
22620
2698
31468
9649
16276
14732
29234
7237
2794
32142
6749
5228
26810
18573
26187
6944
16739
29569
21731
22076
31655
307
30875
32236
24656
847
6205
2657
24857
21946
19692
27081
18123
9253
16738
21118
2727
28131
30331
1405
24324
31735
12535
5403
11065
32114
29819
1011
32445
15868
12250
20515
16269
10928
32403
16056
6094
6445
9115
31590
26292
1257
8540
24701
14498
14025
4861
31512
2707
2799
10980
8087
23736
18644
31353
8784
22626
16790
26413
2178
3363
10387
28860
17802
2352
23094
11438
22618
20746
1297
6948
23846
31326
26924
14545
26464
28201
8605
29255
14311
5663
11353
23668
9084
31054
9290
22124
15733
3071
24994
30825
6837
14045
29806
29711
16603
22873
11630
18933
5562
19276
10532
30818
25354
8670
4395
1876
16988
15272
1994
5575
1364
22549
29129
19507
28178
15886
4739
22615
19441
13782
11837
22069
20596
23090
9910
19038
12413
1230
17919
4463
26048
23004
11149
26844
9336
14078
3981
29932
22872
2406
20599
26629
17349
20283
32486
12074
66
18495
23463
18370
5932
6576
31760
8859
25511
26988
2195
14382
26328
13400
18835
12837
23381
25601
30325
19994
7385
26500
31483
23970
14397
21420
9933
1930
14243
20059
31577
11872
32501
18731
3037
8245
19598
20308
9154
29602
12854
27345
10028
13833
6740
25790
25039
20253
11615
25861
14340
15781
11158
13625
28188
4477
3825
10946
31220
18141
2391
31803
4809
26333
13073
1560
29518
4409
32127
17036
508
21330
15881
30890
21418
28790
25945
26314
15453
32609
14023
27694
25185
260
5141
30181
1945
21637
12637
13040
32019
11398
17735
21412
29919
27050
2431
22607
9762
32341
8039
13086
30566
16308
11529
16702
9012
18430
17999
24386
2789
19961
30326
7365
11189
5567
32192
21328
27161
24258
5993
9342
10067
29454
23517
9053
21827
15310
4904
11544
31872
32530
2990
13523
26791
10959
18716
1751
28403
20775
8094
18159
782
14827
3923
11793
3623
11615
29694
19265
15429
23613
23806
19379
13275
2300
8576
3632
27548
22097
1267
1466
4752
24311
32700
12147
15976
31404
43
8123
21519
21628
14254
27289
24193
13889
18501
27484
18400
11627
26166
12162
10437
27901
16898
2264
8660
4312
20119
2787
29587
9788
14279
30591
18556
7564
7417
24262
25936
2385
25631
30259
13231
20098
14568
27399
23270
10755
3126
13292
23304
12139
10194
9689
24128
9482
10847
20533
13413
24875
32652
25663
11471
3222
10382
11181
17001
28249
26830
21139
19976
9416
10974
2183
13051
28611
12722
15619
14820
28727
27149
31499
3526
231
28729
10255
3934
3181
7675
10770
29367
1147
13510
14604
23289
24167
30767
24461
26753
14567
19617
28324
27959
3865
11858
26879
15132
7366
5237
10579
16675
22503
5298
18431
27202
9064
23251
1004
29384
7981
18624
12983
10225
14675
21165
31762
17848
25784
27538
25703
26348
6333
5595
27327
15238
32330
27745
15843
31034
28179
14234
19648
14924
9242
25356
13840
16037
19573
26376
23351
17190
19794
31380
6763
25404
29240
8617
29720
14517
23696
27551
8067
11730
23907
30181
21165
13725
7269
1781
16762
24188
12339
21895
6162
29447
3033
20485
29832
7447
26007
30784
9146
16159
31461
10081
9592
30656
21940
20002
15336
919
30455
1342
2600
29018
2658
549
1590
23587
1905
17397
16909
8203
25517
3238
20497
15611
14891
31364
18093
23487
3157
21987
10043
10588
32748
26382
11300
31908
15950
26752
16968
31239
22773
26967
12704
10668
22337
13317
14625
13249
20855
3401
8676
14095
15625
24414
3461
28113
19992
9586
969
5318
4663
11097
899
18565
10354
30083
6840
19729
14991
25899
18945
29613
7059
27858
14129
4849
12168
26860
29496
17694
126
28889
22343
24751
9424
13334
15669
24368
23208
14261
5922
9811
31941
2058
10842
26433
13436
12968
29051
2094
3325
7308
27099
19504
19416
2199
20516
11601
12992
25154
4161
7395
3726
8333
27774
7699
14217
21816
8170
28353
26340
15414
0
12943
1416
24415
24967
21560
22548
8805
17591
4388
11298
19209
3229
25401
27341
22926
17857
15603
13424
17774
16389
19383
27055
29261
32720
13412
17852
28971
19052
32300
28115
25053
20909
8098
6663
2238
17108
25107
15169
27810
15538
3866
17030
4363
28945
7279
28024
8352
30031
18944
15392
7130
1612
26179
29674
24577
17287
11466
21489
6743
9603
29464
24189
31635
13168
6067
23498
16272
15367
26490
31244
23879
5558
27961
11951
29435
10749
24443
15587
17075
20504
8351
1368
21229
15070
1326
838
1937
32233
21612
6833
18212
28151
14125
7147
62
24720
2282
8282
9022
3817
16148
9339
25660
8201
23208
807
22847
7722
6148
13846
18608
23394
20729
32673
15375
2434
17697
25036
10981
2367
15475
1667
20986
13455
14356
32036
2759
10326
9584
28990
14126
20802
18314
16025
5481
16371
19088
1654
4161
2144
13747
10775
24448
12406
12086
20098
3240
29186
18116
19843
12261
21456
14854
14320
31041
24084
26485
19760
23063
28170
25453
3070
25290
27866
25475
16491
10422
28094
29721
13090
18535
30566
11312
24048
22537
31900
21373
18820
24096
18468
11966
30835
8314
24550
26190
895
24417
9039
15095
19224
20757
10484
32008
25123
29049
8056
31144
5627
31244
13744
21098
14261
5659
19974
29474
2729
10037
283
6646
31789
11744
13233
9656
2212
10890
17351
7795
29112
2754
4357
11331
10723
30376
25691
28778
6452
4770
31462
29857
8016
2385
14355
9388
30391
29124
17158
1585
23880
26091
4925
8906
9736
23886
12400
22617
6175
8190
10684
924
16163
26060
2049
14593
4249
30138
16265
32699
2745
22959
25834
17173
12402
31343
10541
28166
1710
14281
24879
25862
30423
20755
7240
21025
15002
12755
3627
30538
13547
30399
20493
31473
23625
16104
15626
25304
6723
7474
28100
12578
17467
15879
5965
22445
4458
5452
20807
30113
12836
10388
1865
4937
27741
18836
6533
20514
24941
21720
28840
14130
24848
18612
2306
11675
28081
18556
14567
12144
21992
24567
13909
20167
1857
6930
8150
10512
32319
17874
3240
18085
30624
26764
26652
6306
18147
21592
7228
2294
30216
21443
20400
20666
4759
21444
15075
2242
19427
6386
22625
10354
18064
21747
29828
26323
18771
12344
24655
12774
9977
7143
19354
12345
2475
25
2671
183
880
6726
18869
11460
2035
8189
30475
138
13191
